
New try
 Starting point
[4.1 1.0 1.0 5.0 3.0 1.0 1.0 6.0 3.0]
Results
[ 0.60239  2.35473  5.37801  0.43658 -0.89965  1.17212  4.37370  2.05425
  0.77530 -0.63158  4.10000  1.00000  5.00000  3.00000  1.00000  1.00000
  6.00000  3.00000]
Function value:-0.5697299558757204
New try
 Starting point
[4.1 1.0 1.5 5.0 3.0 1.0 1.0 6.0 3.0]
Results
[ 0.80813  2.49964  5.07261  0.42240 -0.90640  1.28728  4.31036  2.10725
  0.75861 -0.65154  4.10000  1.50000  5.00000  3.00000  1.00000  1.00000
  6.00000  3.00000]
Function value:-0.4791517147198707
New try
 Starting point
[4.1 1.0 1.5 5.0 3.0 1.0 1.0 6.0 3.0]
Results
[ 0.80813  2.49964  5.07261  0.42240 -0.90640  1.28728  4.31036  2.10725
  0.75861 -0.65154  4.10000  1.50000  5.00000  3.00000  1.00000  1.00000
  6.00000  3.00000]
Function value:-0.47915156225882405
New try
 Starting point
[4.1 1.0 1.5 5.0 3.0 1.0 1.0 6.0 3.0]
Results
[ 0.80813  2.49964  5.07262  0.42240 -0.90640  1.28728  4.31036  2.10725
  0.75861 -0.65154  4.10000  1.50000  5.00000  3.00000  1.00000  1.00000
  6.00000  3.00000]
Function value:-0.4791516663323544
New try
 Starting point
[4.1 1.0 1.5 5.0 3.0 1.0 1.0 6.0 3.0]
Results
[ 0.80813  2.49964  5.07262  0.42240 -0.90640  1.28728  4.31036  2.10725
  0.75861 -0.65154  4.10000  1.50000  5.00000  3.00000  1.00000  1.00000
  6.00000  3.00000]
Function value:-0.47915165302275387